11 5 
2 1      -4.731571342125         0.44081046289203       10
3 1      -5.042458337013         0.43643380310328       100
4 1      -5.183231937739         0.43451073749300       1000
5 1      -5.243108090066         0.43370346505366       10000
6 1      -5.267648063678         0.43337439261392       100000
7 1     -5.277498154345          0.43324257578467       1000000
3 2      -4.908805650988         0.43829295983967       101
4 3      -4.819662437324         0.43955162580879       1011
5 6      -4.855746771271         0.43904028354789       10111
6 8      -4.839555141632         0.43926944450310       101111
7 18     -4.846513685816         0.43917088976719       1011111
