1.69123432161528641782e-01
1.73246723183994283390e-01
1.75841101175612718466e-01
1.77487884121171085594e-01
1.78535840241555665564e-01
1.79200977875898864733e-01
1.79620070136994075538e-01
1.79881003684364271233e-01
1.80040748604038597369e-01
1.80136367634967459184e-01
1.80191944315791496845e-01
1.80223035016079335957e-01
1.80239575764336884545e-01
1.80247802371766158158e-01
1.80251528671191402209e-01
1.80253001004159751908e-01
1.80253469866661825138e-01
1.80253571386600919269e-01
1.80253580730814266797e-01
