1.41566084172982140643e+01
1.25499273287522132847e+01
1.11709731305972610471e+01
9.99767897468716704168e+00
8.99315851863459592153e+00
8.12178614818164312794e+00
7.35538499966581582612e+00
6.67276121416133527475e+00
6.05805613837462964000e+00
5.49927675722352304888e+00
4.98720510396795280172e+00
4.51462729229318515678e+00
4.07579236950690049213e+00
3.66602871585736611593e+00
3.28146681062514966598e+00
2.91883311888345620133e+00
2.57529028885058286491e+00
2.24830477052526367387e+00
1.93552478207079903250e+00
1.63464807111557886010e+00
1.34324493039944203865e+00
1.05845904967886728087e+00
7.76362688412875590060e-01
4.90083846355298058395e-01
1.80253580730814266797e-01