1.41566084172982158407e+01
1.18262392284530051256e+01
1.03079857839063127045e+01
9.15193065507643943590e+00
8.20696863414825728000e+00
7.40249403965249452853e+00
6.69931469093194920106e+00
6.07318472584646418255e+00
5.50793166615624585347e+00
4.99214864585943107755e+00
4.51743160276415700594e+00
4.07736393028938692851e+00
3.66689389085521799672e+00
3.28193171595177268784e+00
2.91907509766325334866e+00
2.57541110576621967709e+00
2.24836189422770926782e+00
1.93554990105771151931e+00
1.63465807185714973038e+00
1.34324838398937540518e+00
1.05846000869634537800e+00
7.76362871842686486090e-01
4.90083862420986005048e-01
